13918628610
13524912185
13522506144
18165290028
18374828138
13636485712
13701623289
13761499706
13815895188
13927222258
15921960783
17521610822
18092661959
18759590285
18801621421
19959852360
15351906806
15821288765
13916415177
13816798919
13022180807
13636440536
13651965390
13661930879
13670942255
13681891919
13698603060
13761750457
13761951257
13764216950
13811891081
13813555536
13817301156
13905551261
13917341688
15029298936
15086780904
15380057660
15691965309
15800544098
18391860129
18660957393
18765959156
18958777575
18992853319
18817955290
13227755951
13119131213
13289279523
13484553156
13611897628
13701990846
13801787791
13813928100
13818018568
13883053062
13917434585
13969989866
13991238600
15021706474
15067707221
15093682720
15150595164
15349214288
15901942582
15906120930
13524577265
17782270167
18236960730
18247130746
18352866174
18602981079
18669064990
18729001055
18761870017
18804008921
13501168790
13862572733
15101188776
13918119101
18991202748
13301801907
15542396578
18504712721
