16
34
20
18
19
20
15
15
15
52
24
16
20
21
38
19
16
26
16
15
28
20
15
19
16
17
30
15
20
48
16
38
18
30
17
24
18
16
25
17
17
15
17
28
16
15
16
22
37
37
22
24
15
17
18
24
24
49
15
15
17
40
18
15
22
17
25
15
15
20
18
17
16
21
15
24
30
24
34
25
34
17
21
16
23
17
33
19
22
31
17
15
23
16
20
19
16
19
29
16
20
16
16
37
43
17
15
31
19
49
19
50
16
39
15
24
18
17
18
29
22
15
15
16
36
15
24
50
16
21
32
15
16
35
32
29
30
17
27
46
23
20
18
21
22
47
15
18
20
15
30
16
16
20
52
18
26
20
49
16
30
17
16
15
16
39
16
28
18
19
41
18
26
37
17
21
18
44
48
15
32
15
16
53
24
23
38
21
17
17
15
23
35
19
15
16
20
47
15
20
21
17
36
16
23
31
22
17
23
16
18
15
16
25
41
23
28
17
20
15
18
16
20
15
15
15
15
27
15
31
15
18
18
17
15
22
17
15
24
18
22
18
17
22
20
19
17
22
15
33
28
22
29
15
16
15
15
20
15
21
17
15
18
39
28
15
16
16
17
17
29
17
29
19
15
17
16
15
16
18
33
15
18
29
17
16
17
16
42
21
20
32
17
15
35
50
23
15
15
37
25
30
19
34
24
15
15
28
23
15
38
18
38
22
53
20
17
17
17
41
16
16
48
34
15
35
16
38
16
22
20
20
16
30
45
41
18
51
27
25
20
17
22
27
22
24
21
20
21
17
38
19
27
15
16
43
21
29
15
17
28
15
16
22
33
15
34
19
27
21
15
35
24
16
23
30
17
25
19
17
16
29
15
17
19
40
17
15
45
38
22
42
16
15
45
17
15
15
18
15
18
18
43
17
18
