398000011058
381000012362
356000012390
324000030589
324000030680
319000010498
376000018882
376000018877
314000040996
322000041081
324000030732
324000030546
356000012465
397000010413
356000012597
376000018218
397000010241
378000011680
398000011116
316000032159
356000012547
320000074798
356000012446
323000031959
362000011785
319000010282
320000074811
320000074825
316000032121
376000018800
376000018099
377000011037
376000018349
376000018866
356000012421
319000010541
356000012595
356000012516
381000012381
355000011358
376000018211
376000018542
369000011439
385000011470
326000020598
376000018465
376000018331
313000034086
376000018172
316000032203
398000011098
397000010507
316000032223
356000012491
323000031876
323000031868
321000060872
398000011017
382000011147
398000011232
323000031929
376000018495
314000041065
370000011578
373000012770
321000060858
320000074855
397000010408
370000011583
320000074902
319000010550
331000016247
356000012645
503000010073
387000012500
318000040417
356000012501
382000011150
369000011372
369000011386
376000018439
324000030709
376000018235
398000011128
326000020566
353000012469
376000018572
376000018135
376000018160
355000011381
376000018456
398000011105
323000031925
370000011606
316000032133
366000011247
377000011066
376000018778
323000031840
386000010948
378000011638
376000018518
314000041036
321000060752
316000032211
376000018165
376000018540
395000010150
393000010049
318000040449
377000011041
397000010405
335000011771
326000020578
397000010360
319000010493
376000018478
382000011157
362000011766
361000013322
397000010436
397000010380
316000032108
323000031900
315000048956
322000041085
393000010046
376000018631
330000013131
397000010513
314000041031
361000013399
356000012580
385000011483
355000011365
318000040288
397000010432
397000010423
314000041122
360000013373
326000020580
330000013096
321000060848
503000010082
376000018560
360000013398
397000010358
376000018319
356000012663
397000010449
397000010268
360000013348
314000041089
376000018390
319000010475
503000010135
503000010126
321000060862
397000010500
379000010509
356000012519
397000010427
397000010496
376000018532
356000012392
313000034083
397000010492
323000031870
362000011762
376000018475
366000011248
362000011791
376000018535
323000031926
362000011745
392000010691
369000011441
318000040426
330000013107
376000018255
376000018749
319000010542
376000018335
335000011751
376000018315
392000010757
366000011267
359000011250
376000018536
392000010710
319000010457
376000018203
389000012522
335000011711
356000012570
376000018621
376000018206
302000042997
318000040472
319000010278
331000016242
503000010127
321000060851
314000041091
320000074830
376000018309
314000041082
376000018547
397000010266
381000012363
335000011718
376000018287
376000018310
397000010479
376000018616
397000010379
376000018788
397000010516
376000018330
386000010957
326000020608
356000012485
356000012400
397000010347
376000018323
376000018645
376000018641
386000010988
326000020590
322000041125
314000041090
397000010441
397000010426
376000018260
361000013406
376000018153
503000010110
381000012411
503000010145
397000010370
324000030706
322000041107
397000010378
318000040547
395000010066
393000010080
318000040561
318000040525
376000018328
376000018279
362000011773
318000040528
376000018137
376000018369
379000010500
366000011260
314000041059
323000031928
376000018563
376000018779
376000018441
397000010390
393000010039
376000018305
398000011163
366000011278
315000048959
323000031835
323000031766
376000018116
323000032032
397000010505
398000011141
318000040291
360000013397
314000040927
392000010695
376000018381
381000012392
355000011355
501000010026
381000012378
323000031931
356000012426
376000018642
366000011256
398000010997
376000018346
501000010076
362000011793
320000074877
361000013341
323000031883
395000010092
323000031902
398000011255
362000011757
376000018460
376000018149
322000041108
339000017365
376000018430
366000011255
361000013400
332000013650
376000018668
389000012541
356000012411
360000013365
376000018158
320000074840
318000040292
326000020597
323000031932
385000011501
324000030618
320000074788
359000011238
382000011101
361000013351
360000013390
339000017369
398000010985
376000018119
319000010465
366000011290
376000018198
376000018370
376000018660
317000044201
302000043012
302000043020
332000013657
385000011457
362000011673
356000012546
319000010519
376000018599
356000012659
356000012660
376000018355
376000018262
398000011112
376000018598
376000018512
322000041121
376000018422
321000060705
370000011571
361000013336
376000018500
356000012568
319000010495
331000016228
356000012590
319000010558
376000018251
321000060753
397000010462
320000074879
321000060868
376000018876
376000018868
314000041045
397000010420
335000011749
376000018596
319000010382
376000018238
360000013427
369000011388
326000020579
320000074773
323000031955
387000012490
382000011148
313000034069
318000040456
379000010520
316000032143
318000040375
398000011133
359000011239
397000010351
397000010465
361000013369
326000020601
362000011761
501000010063
324000030685
386000011023
386000010995
376000018110
387000012495
393000010059
335000011709
321000060788
361000013335
376000018386
376000018329
376000018166
501000010052
393000010057
389000012540
360000013401
320000074865
313000034113
314000040963
376000018458
321000060776
362000011678
378000011701
330000013097
369000011456
370000011591
320000074852
378000011697
320000074757
365000016392
395000010065
319000010338
385000011500
324000030726
376000018426
323000031939
376000018630
323000032005
376000018215
353000012502
360000013431
322000041079
320000074898
356000012471
320000074837
360000013403
376000018658
376000018417
319000010402
321000060777
356000012551
397000010506
503000010133
316000032209
324000030600
324000030595
398000011235
398000011190
314000040946
377000011048
361000013405
314000041035
382000011138
381000012375
323000031940
370000011576
356000012638
376000018783
318000040388
319000010492
318000040333
314000040949
356000012509
376000018765
397000010400
376000018653
322000041136
367000013435
398000011127
397000010398
392000010715
320000074829
356000012588
376000018138
376000018120
376000018497
376000018083
319000010408
378000011722
319000010301
398000011010
356000012629
321000060759
381000012372
375000012426
322000041073
321000060791
324000030687
366000011289
365000016400
503000010141
314000041067
361000013330
376000018273
362000011788
324000030712
324000030697
320000074796
335000011722
397000010382
359000011247
331000016226
366000011249
361000013385
324000030650
323000031769
324000030711
324000030696
386000010958
369000011463
370000011633
376000018649
398000011208
318000040286
318000040287
376000018187
319000010423
398000011151
376000018259
376000018523
320000074797
316000032128
356000012649
356000012652
370000011613
319000010425
323000031909
356000012558
379000010522
323000031945
314000041062
336000013855
356000012417
323000031948
362000011687
321000060823
361000013408
316000032162
324000030718
339000017378
323000031953
376000018751
324000030592
319000010396
376000018513
395000010085
356000012439
319000010445
381000012413
360000013415
323000031778
376000018299
393000010052
317000044238
398000011118
393000010033
393000010079
369000011411
381000012390
324000030661
366000011253
376000018565
376000018300
398000011071
321000060785
398000011126
316000032132
356000012610
503000010139
361000013359
360000013441
360000013443
360000013435
356000012457
356000012349
320000074810
356000012351
376000018225
366000011252
321000060767
398000011252
393000010040
318000040330
318000040406
318000040280
318000040522
398000011082
320000074816
318000040485
318000040552
321000060796
377000011060
335000011715
356000012533
356000012579
397000010356
397000010342
376000018558
503000010087
323000031930
501000010050
397000010502
356000012522
381000012360
335000011773
323000031770
355000011380
318000040320
376000018629
376000018826
376000018242
314000041093
332000013652
376000018469
382000011140
355000011352
330000013108
398000011007
376000018368
356000012635
376000018846
320000074832
369000011440
314000041098
336000013859
501000010051
338000015536
323000031821
321000060726
319000010390
323000031920
376000018571
361000013396
324000030563
367000013445
379000010516
376000018635
379000010512
376000018088
356000012487
324000030730
376000018205
319000010476
320000074890
367000013408
322000041127
367000013452
376000018118
378000011641
378000011695
321000060783
323000031846
320000074776
320000074790
324000030699
321000060755
376000018351
370000011632
398000011020
362000011750
322000041082
320000074872
323000031800
376000018556
324000030693
319000010275
369000011393
369000011450
395000010072
324000030646
377000011061
398000010979
339000017367
356000012466
501000010056
338000015551
323000031859
324000030671
326000020589
398000011096
318000040360
376000018490
318000040301
339000017368
378000011631
355000011350
376000018859
369000011461
397000010439
313000034079
324000030519
398000011140
318000040293
323000031998
398000011019
314000041025
355000011377
376000018831
320000074861
356000012630
369000011467
355000011402
318000040319
376000018818
360000013436
398000011261
324000030759
318000040335
319000010308
356000012436
313000034108
322000041099
319000010317
313000034130
319000010349
385000011480
385000011481
356000012626
369000011446
376000018372
376000018348
376000018173
318000040331
376000018816
376000018101
376000018522
326000020585
376000018543
376000018575
376000018303
376000018447
356000012448
332000013645
324000030562
316000032178
360000013393
398000011239
369000011443
321000060708
360000013416
393000010101
376000018568
397000010437
324000030620
367000013403
319000010543
314000040939
397000010467
320000074817
324000030701
321000060780
316000032202
316000032205
395000010080
370000011592
356000012459
376000018586
398000010942
301000027497
302000043026
397000010469
314000040998
376000018437
381000012357
320000074922
319000010477
314000041011
376000018288
301000027475
355000011351
395000010108
313000034141
323000031855
318000040316
319000010470
398000010949
323000031865
339000017408
324000030603
314000040937
323000031916
369000011395
376000018785
319000010449
356000012683
376000018561
356000012393
355000011349
314000041000
376000018491
381000012385
369000011378
361000013373
314000040956
316000032140
356000012493
321000060773
356000012513
398000011139
393000010113
356000012499
316000032210
382000011120
397000010410
376000018548
313000034146
362000011700
395000010093
314000041066
369000011447
376000018620
323000031922
324000030649
397000010461
398000011193
335000011698
356000012521
356000012625
376000018471
324000030678
376000018496
316000032200
376000018890
376000018362
382000011119
356000012456
376000018293
376000018802
356000012539
326000020591
376000018851
376000018202
397000010273
367000013438
376000018886
397000010443
356000012498
335000011721
397000010498
397000010365
356000012550
398000011220
376000018803
317000044171
323000031839
376000018570
398000011095
356000012542
376000018313
301000027489
397000010403
356000012503
397000010497
386000010971
376000018256
376000018881
398000011106
501000010103
376000018176
355000011347
397000010495
318000040476
376000018139
376000018656
356000012639
362000011730
322000041083
376000018320
369000011469
376000018122
356000012681
369000011376
397000010499
320000074892
397000010509
314000040966
503000010098
376000018420
392000010697
356000012598
318000040382
335000011719
355000011385
376000018363
393000010029
320000074823
330000013119
330000013123
324000030751
314000040932
378000011662
361000013339
324000030768
323000031996
398000010990
376000018181
360000013395
324000030736
501000010058
316000032176
319000010280
323000031941
361000013340
320000074827
324000030722
376000018549
353000012477
376000018709
314000041111
318000040501
503000010089
356000012655
382000011122
318000040378
385000011502
362000011789
386000010945
501000010059
385000011486
314000040945
323000031983
385000011499
386000010996
356000012398
386000010939
362000011742
386000010947
314000040969
316000032208
313000034111
503000010108
395000010091
316000032169
315000048961
353000012462
316000032119
361000013370
319000010350
313000034139
382000011130
324000030723
324000030613
395000010087
318000040512
378000011717
314000041076
323000031972
376000018283
367000013456
398000011135
323000032031
314000040899
318000040366
376000018301
398000011037
335000011731
370000011558
338000015540
369000011465
398000011240
382000011167
319000010322
319000010502
356000012412
376000018365
376000018371
314000040912
321000060750
376000018819
398000011216
393000010060
362000011748
331000016255
302000043006
318000040328
367000013446
320000074880
313000034151
393000010050
319000010306
382000011159
397000010406
376000018123
397000010396
397000010466
366000011275
376000018436
356000012391
320000074851
314000040930
382000011149
324000030721
393000010061
376000018296
335000011701
370000011597
381000012399
376000018591
376000018321
338000015538
376000018805
376000018633
356000012653
376000018157
314000040918
314000040920
356000012619
326000020570
376000018236
321000060718
321000060822
323000031918
323000031850
356000012671
323000032010
353000012503
321000060720
376000018093
376000018295
321000060746
313000034073
376000018115
323000031828
320000074848
376000018551
355000011353
376000018291
367000013442
316000032168
381000012387
323000031827
356000012428
393000010071
360000013389
378000011659
361000013393
314000040923
324000030648
397000010253
324000030708
323000031871
321000060826
369000011380
376000018392
376000018337
321000060792
376000018527
386000010968
369000011453
320000074891
323000032029
369000011383
324000030619
376000018196
378000011733
332000013643
314000040992
356000012552
319000010362
324000030689
356000012646
323000031893
376000018773
323000031879
356000012527
398000010950
323000031829
377000011038
319000010261
324000030640
370000011572
370000011579
397000010343
321000060745
323000031988
376000018841
382000011170
320000074841
324000030583
324000030612
356000012435
361000013395
378000011692
376000018247
324000030716
370000011636
376000018245
362000011768
389000012546
318000040468
376000018353
362000011662
362000011669
335000011716
318000040500
356000012486
397000010402
360000013349
318000040457
398000011055
321000060831
378000011719
314000040933
335000011707
356000012467
356000012403
377000011053
319000010428
321000060786
360000013402
323000031947
361000013328
356000012475
321000060856
323000031943
322000041122
321000060795
376000018347
321000060772
376000018182
366000011266
319000010401
362000011679
395000010099
322000041096
322000041139
376000018133
353000012500
376000018457
376000018463
360000013386
376000018352
356000012561
376000018875
319000010380
370000011611
314000041027
398000011083
356000012413
367000013453
314000040917
376000018143
319000010571
323000031886
356000012469
332000013661
314000040919
319000010473
320000074820
314000040993
356000012450
318000040408
381000012352
314000040900
382000011153
319000010327
324000030707
376000018378
314000041096
362000011677
318000040405
376000018502
321000060896
376000018325
330000013130
355000011356
324000030688
324000030587
314000041113
321000060723
385000011475
338000015531
359000011241
386000010967
377000011062
324000030632
319000010348
376000018537
376000018562
376000018587
320000074887
397000010489
321000060835
376000018507
314000041040
331000016212
362000011728
324000030548
323000032003
324000030547
376000018210
323000031973
369000011468
326000020600
314000041107
322000041105
315000048973
316000032165
331000016245
382000011155
319000010369
319000010330
378000011689
355000011346
376000018289
323000031896
356000012422
376000018250
319000010355
397000010415
398000011229
367000013410
319000010360
356000012490
321000060869
376000018428
356000012553
356000012621
324000030758
370000011600
376000018459
398000011158
376000018246
376000018232
393000010072
398000010937
323000032042
385000011496
353000012468
324000030651
324000030675
330000013103
319000010430
362000011756
392000010713
319000010556
324000030598
376000018613
320000074906
320000074780
323000031989
355000011366
369000011409
323000031968
324000030586
321000060809
322000041140
323000031833
361000013403
324000030617
376000018858
356000012677
359000011246
376000018350
398000011080
356000012523
378000011699
323000031901
392000010712
382000011156
398000011122
324000030559
320000074831
381000012398
376000018758
398000011085
397000010412
335000011748
393000010105
376000018261
376000018839
366000011269
362000011765
382000011128
376000018308
322000041092
376000018628
362000011753
382000011141
320000074791
331000016218
376000018531
324000030599
376000018757
356000012506
323000031875
302000042998
356000012396
501000010041
355000011383
335000011702
501000010068
376000018169
356000012447
356000012395
360000013392
320000074881
381000012353
382000011139
362000011703
360000013438
366000011262
321000060770
335000011720
376000018639
356000012566
335000011730
397000010428
397000010431
326000020575
397000010399
319000010305
376000018483
376000018249
319000010537
316000032113
397000010409
376000018432
397000010256
397000010393
397000010416
317000044218
376000018600
376000018322
319000010311
320000074819
376000018515
335000011723
376000018427
376000018849
316000032170
323000031937
376000018813
318000040529
376000018638
397000010463
376000018525
376000018317
397000010487
370000011555
376000018241
376000018121
398000011131
355000011376
355000011393
376000018442
376000018605
376000018473
337000011530
366000011277
335000011745
376000018126
398000011015
324000030725
361000013382
324000030761
398000011052
319000010447
362000011667
320000074886
322000041109
356000012409
361000013386
356000012407
376000018222
324000030659
324000030502
313000034147
324000030710
382000011142
376000018555
398000011210
330000013092
324000030745
379000010510
386000010970
376000018177
381000012408
321000060775
326000020576
323000031908
361000013381
393000010102
398000011088
330000013117
398000011103
321000060790
323000031979
324000030631
503000010113
313000034129
319000010347
362000011668
378000011720
318000040519
367000013448
376000018375
361000013387
366000011271
360000013409
367000013441
381000012409
323000031987
397000010512
376000018812
356000012536
503000010100
398000011138
361000013342
389000012520
393000010036
397000010472
321000060735
385000011507
376000018431
376000018582
398000011238
361000013398
367000013447
376000018780
324000030658
324000030729
330000013122
398000011242
360000013355
376000018578
376000018257
330000013126
393000010066
331000016217
398000011026
382000011169
369000011405
324000030760
319000010312
318000040385
382000011127
382000011126
321000060827
398000011198
356000012451
316000032117
376000018592
379000010521
360000013408
398000011162
321000060830
323000031935
314000040907
503000010138
319000010461
302000043007
324000030591
398000011109
376000018082
370000011607
330000013125
376000018539
319000010337
319000010353
381000012377
356000012472
382000011132
322000041095
360000013357
321000060847
331000016219
317000044169
376000018360
369000011365
321000060715
398000011102
322000041065
321000060758
376000018579
335000011729
361000013378
398000011101
376000018777
360000013410
356000012543
319000010453
362000011737
361000013332
321000060781
376000018278
330000013106
314000040947
398000011079
376000018766
361000013409
369000011430
323000031961
381000012370
366000011291
370000011587
386000010993
356000012500
376000018271
362000011682
320000074789
376000018533
323000032048
356000012431
323000031919
356000012402
376000018755
393000010047
379000010518
398000011011
366000011282
385000011467
324000030608
376000018448
323000031885
386000010949
366000011243
356000012449
376000018521
393000010107
360000013417
319000010455
376000018416
376000018759
356000012502
355000011401
319000010368
393000010027
376000018193
356000012612
369000011389
362000011755
397000010457
397000010366
335000011775
355000011373
338000015537
317000044225
335000011776
337000011529
316000032171
397000010451
398000011067
397000010352
355000011348
393000010086
338000015542
397000010460
397000010493
362000011731
398000011226
356000012381
393000010065
320000074842
362000011767
324000030626
362000011727
356000012572
319000010335
322000041090
320000074843
313000034150
314000040901
318000040376
313000034120
315000048977
503000010116
321000060867
302000042958
362000011685
318000040368
398000011041
316000032167
398000011187
353000012471
356000012510
318000040491
395000010086
385000011468
314000040967
314000041048
376000018585
362000011769
398000011175
398000011047
323000031997
397000010411
324000030681
318000040399
393000010053
366000011246
324000030577
398000010988
362000011770
397000010397
377000011058
330000013120
376000018545
323000031845
323000032002
397000010338
336000013829
362000011722
321000060766
397000010452
362000011749
356000012528
314000041028
398000011087
376000018155
360000013446
323000031946
326000020567
314000041110
398000011251
376000018178
326000020588
393000010041
324000030683
324000030557
397000010373
318000040505
395000010097
321000060761
320000074795
319000010386
382000011135
356000012678
316000032175
320000074845
370000011566
393000010109
321000060779
361000013352
323000031942
302000043009
320000074769
398000011030
360000013428
324000030596
393000010076
376000018782
323000031887
369000011381
314000041037
301000027498
314000040895
361000013390
397000010359
366000011268
356000012463
324000030610
323000031912
361000013361
320000074785
324000030520
314000040916
324000030633
377000011049
323000032041
398000011092
503000010092
377000011065
302000043019
314000041030
376000018148
503000010131
317000044215
501000010043
335000011760
320000074853
392000010759
369000011421
503000010156
398000011048
319000010561
503000010118
503000010109
387000012499
376000018221
393000010078
356000012581
376000018541
376000018623
361000013402
314000040962
302000043001
356000012679
356000012526
314000040922
397000010395
335000011713
376000018672
314000041049
398000011259
324000030727
323000031841
321000060810
318000040527
316000032188
395000010096
323000032026
324000030601
318000040487
376000018761
319000010528
379000010517
397000010339
381000012395
382000011143
376000018608
323000032022
395000010073
322000041093
318000040339
378000011705
323000031852
320000074900
376000018576
355000011388
355000011371
355000011395
314000041033
355000011389
366000011258
376000018878
381000012359
381000012366
376000018607
360000013432
322000041049
378000011636
376000018418
317000044200
322000041076
392000010742
398000011089
376000018627
381000012368
398000011221
395000010089
356000012596
356000012492
376000018567
376000018651
376000018130
326000020599
324000030637
386000010960
355000011390
360000013445
398000011125
356000012592
335000011735
356000012571
376000018775
376000018277
321000060843
392000010741
385000011473
336000013857
361000013372
318000040423
318000040416
331000016215
356000012420
324000030733
315000048958
393000010083
376000018487
332000013647
385000011487
376000018552
320000074916
320000074762
398000011031
302000043047
317000044212
314000041126
318000040281
323000031913
366000011272
319000010533
501000010062
376000018767
319000010437
323000031891
398000011072
335000011763
362000011740
397000010233
376000018292
323000031863
323000031815
356000012668
375000012415
314000041029
376000018843
376000018477
330000013109
376000018171
323000031825
356000012483
323000031897
324000030628
314000040943
366000011281
356000012489
385000011478
375000012427
376000018486
314000041095
376000018248
323000031938
324000030743
356000012477
323000031832
370000011575
320000074870
321000060890
324000030713
323000032015
398000011228
322000041113
314000041135
319000010399
356000012479
323000031970
361000013413
362000011759
360000013370
362000011792
318000040483
376000018156
398000011006
370000011573
318000040467
376000018789
335000011765
376000018341
332000013662
313000034123
360000013426
323000032027
379000010498
378000011605
376000018566
323000031910
318000040517
320000074765
353000012476
382000011131
302000043003
381000012388
318000040383
503000010107
362000011666
302000042990
395000010102
398000011152
501000010066
398000010983
370000011637
330000013102
376000018366
398000011070
392000010758
376000018396
376000018443
397000010401
387000012491
369000011407
322000041110
376000018637
398000011045
316000032123
320000074857
398000011145
386000010969
393000010070
379000010519
319000010313
331000016248
376000018179
330000013095
320000074897
361000013417
319000010516
323000031817
398000011156
378000011703
398000010901
376000018610
362000011721
503000010137
316000032131
378000011698
382000011136
376000018393
356000012667
318000040307
381000012389
361000013410
376000018820
314000041041
393000010067
393000010087
360000013396
324000030742
376000018506
369000011460
320000074920
378000011642
398000011013
398000011111
367000013457
393000010032
319000010467
386000010962
314000041160
319000010429
330000013113
360000013407
385000011482
376000018569
361000013388
367000013450
359000011243
317000044223
326000020586
324000030560
323000031860
376000018106
324000030717
366000011257
376000018588
398000011115
397000010473
379000010503
376000018810
376000018391
356000012567
356000012569
376000018336
356000012531
319000010373
314000040911
369000011445
379000010507
385000011459
338000015532
362000011787
393000010075
360000013361
323000031842
335000011755
386000010943
367000013449
367000013439
376000018546
398000010992
362000011681
316000032207
314000040953
501000010046
503000010095
376000018276
376000018481
382000011117
315000048957
320000074866
379000010511
319000010357
320000074781
398000010981
362000011758
378000011693
367000013440
318000040455
376000018385
314000041081
336000013858
356000012578
336000013856
382000011137
322000041126
321000060728
356000012419
324000030638
503000010157
376000018499
355000011357
326000020571
376000018265
503000010103
393000010055
389000012519
324000030679
356000012529
324000030639
395000010107
376000018111
326000020577
376000018091
395000010103
376000018127
324000030653
378000011721
330000013121
356000012335
376000018438
314000040955
321000060737
316000032225
318000040482
323000032035
302000043048
314000041103
319000010527
398000011050
318000040460
398000011069
382000011099
356000012591
503000010161
370000011630
377000011042
381000012391
376000018445
381000012356
318000040440
501000010092
332000013651
382000011111
379000010513
398000011233
398000011091
378000011615
379000010505
503000010091
335000011738
503000010085
323000031826
376000018609
393000010035
319000010367
320000074919
323000031927
319000010329
393000010068
335000011767
356000012430
318000040526
393000010099
321000060832
323000031838
323000031903
503000010119
376000018229
377000011039
356000012512
503000010143
376000018550
323000032047
381000012417
369000011435
353000012501
381000012373
376000018489
376000018189
336000013833
313000034168
319000010427
362000011675
381000012412
382000011151
376000018333
323000031791
361000013337
398000011040
318000040431
324000030611
360000013367
324000030752
319000010398
503000010063
314000041012
319000010459
360000013385
320000074766
503000010128
395000010113
355000011370
356000012455
361000013317
321000060882
398000011130
319000010538
376000018270
376000018195
313000034085
324000030553
361000013343
376000018389
324000030550
331000016240
398000010993
361000013391
398000011009
379000010523
369000011466
376000018462
392000010731
356000012470
386000010937
324000030588
376000018762
331000016229
322000041075
318000040432
393000010082
370000011615
313000034143
397000010353
324000030623
324000030735
320000074885
356000012366
386000011007
393000010100
398000011053
324000030605
318000040381
369000011452
321000060883
321000060880
376000018159
323000031975
335000011746
319000010370
323000031965
320000074871
369000011455
370000011601
398000011062
381000012365
335000011706
392000010736
319000010395
397000010447
356000012548
376000018648
356000012460
360000013412
376000018377
378000011633
365000016398
362000011661
356000012416
356000012549
335000011743
319000010435
376000018461
376000018175
314000040970
314000041055
376000018240
324000030625
319000010569
376000018217
386000010940
324000030556
397000010453
322000041117
323000031851
376000018781
316000032180
319000010463
324000030582
319000010333
395000010100
323000031882
319000010450
361000013383
314000040921
320000074777
356000012545
319000010468
361000013363
320000074907
322000041043
321000060820
323000031951
356000012453
319000010497
319000010351
314000041073
503000010111
324000030571
319000010426
321000060763
321000060889
324000030728
319000010388
323000031991
362000011743
397000010448
376000018640
397000010361
389000012530
323000031967
335000011726
382000011109
369000011449
323000031936
323000031986
386000011006
376000018230
320000074913
321000060789
356000012462
393000010106
356000012497
314000040935
314000041023
321000060885
320000074915
359000011237
302000042993
398000011161
379000010502
376000018750
321000060879
356000012576
323000031976
382000011113
376000018151
376000018488
382000011129
376000018453
369000011437
321000060817
318000040475
387000012488
376000018863
376000018583
324000030590
376000018505
314000041099
376000018498
319000010267
339000017373
314000041043
397000010377
316000032199
393000010037
330000013101
376000018199
323000031962
397000010349
322000041080
366000011287
376000018263
318000040303
501000010053
376000018529
313000034115
319000010452
361000013338
366000011263
319000010522
322000041088
381000012376
331000016249
369000011438
321000060888
356000012600
321000060769
353000012481
320000074768
314000040972
324000030622
314000041068
324000030615
386000010938
323000031966
376000018185
369000011448
319000010393
319000010359
393000010081
321000060852
398000011182
385000011469
314000041117
323000031830
324000030607
362000011781
335000011761
395000010115
323000031952
324000030677
321000060870
302000043005
326000020569
386000010959
321000060878
376000018233
319000010563
393000010085
376000018479
314000041106
367000013397
322000041106
398000010995
318000040490
318000040511
301000027487
319000010472
398000011155
320000074895
338000015539
314000041038
398000010943
314000040995
335000011768
323000031911
398000011250
398000011033
397000010267
324000030690
397000010433
360000013391
326000020587
314000041047
314000041042
356000012507
356000012401
356000012520
393000010069
381000012393
501000010069
324000030756
321000060819
319000010375
324000030642
355000011362
330000013111
397000010491
319000010471
321000060899
393000010108
356000012425
366000011288
378000011718
376000018237
397000010445
320000074858
378000011691
376000018112
316000032173
356000012593
335000011717
356000012518
323000031856
398000011211
323000031880
360000013429
392000010746
370000011612
330000013099
335000011727
323000031857
376000018492
376000018449
318000040493
397000010459
366000011245
397000010438
318000040403
326000020573
320000074905
376000018451
376000018161
360000013439
319000010526
397000010375
376000018167
313000034132
369000011400
323000032017
381000012386
501000010072
356000012686
320000074867
376000018231
326000020581
302000043000
317000044209
376000018096
318000040503
395000010101
397000010435
355000011369
395000010111
314000041063
314000041057
302000043052
367000013409
321000060881
318000040261
362000011747
376000018253
362000011775
321000060787
319000010381
503000010070
373000012763
321000060747
398000011236
376000018646
376000018282
376000018516
376000018636
376000018440
360000013375
397000010407
376000018650
397000010501
503000010142
319000010323
362000011732
371000011553
376000018509
320000074815
376000018602
376000018269
362000011778
376000018590
376000018622
376000018097
398000011036
376000018129
376000018503
381000012407
376000018267
314000041001
361000013379
323000031813
319000010376
501000010070
321000060736
376000018239
503000010121
376000018227
398000011136
353000012466
387000012487
362000011739
314000040965
366000011273
397000010470
369000011361
369000011391
320000074903
376000018559
376000018801
397000010508
324000030509
370000011561
324000030737
377000011063
378000011679
320000074893
324000030558
320000074889
332000013658
369000011451
376000018501
376000018223
376000018619
314000041075
376000018510
319000010366
323000031853
356000012641
318000040430
381000012358
356000012440
321000060892
353000012465
321000060849
317000044175
318000040323
398000011215
320000074875
314000040971
319000010321
376000018825
319000010431
324000030527
355000011378
317000044213
397000010440
376000018655
397000010421
321000060857
378000011625
318000040407
316000032166
314000041092
376000018141
356000012505
501000010090
361000013392
332000013649
376000018748
356000012559
369000011470
316000032127
376000018528
361000013416
314000041026
376000018100
313000034127
501000010105
376000018446
314000041086
314000041079
301000027482
376000018776
323000032037
377000011046
314000041056
353000012475
398000011117
314000041145
376000018763
393000010077
503000010101
369000011403
313000034140
356000012606
356000012438
398000011097
318000040502
397000010363
367000013451
360000013383
366000011285
356000012511
360000013421
323000031950
362000011790
314000040942
393000010058
369000011432
398000011110
376000018092
318000040298
356000012650
386000010935
369000011402
376000018357
323000031823
318000040356
318000040428
376000018806
376000018753
376000018577
376000018657
356000012555
318000040442
376000018226
323000031923
302000043049
330000013116
338000015541
356000012532
378000011627
392000010722
353000012470
369000011392
318000040492
386000010936
376000018817
393000010103
369000011373
356000012441
318000040466
320000074868
314000041072
318000040402
376000018611
323000031837
323000031836
386000010931
397000010510
301000027486
376000018243
376000018433
376000018632
398000011107
318000040361
503000010112
398000011219
353000012499
376000018326
376000018192
324000030593
376000018327
365000016385
376000018845
376000018102
376000018530
361000013415
376000018290
376000018207
324000030731
323000031777
324000030692
386000010989
382000011133
376000018553
387000012493
398000011237
323000031933
376000018286
395000010090
324000030719
503000010122
320000074917
393000010028
393000010073
320000074809
371000011541
397000010368
321000060806
356000012368
319000010535
369000011436
376000018595
323000031869
356000012418
398000011256
317000044210
324000030555
369000011375
376000018298
321000060731
356000012672
356000012647
316000032122
353000012472
503000010086
320000074860
360000013380
353000012479
376000018618
319000010446
316000032116
376000018867
320000074779
356000012636
376000018601
398000011230
319000010400
324000030597
395000010109
356000012587
375000012430
319000010460
501000010048
376000018615
324000030647
323000031899
356000012461
320000074847
353000012463
339000017409
322000041097
335000011708
318000040507
397000010511
324000030645
362000011660
318000040390
315000048960
356000012525
319000010570
398000011129
362000011680
362000011683
392000010737
326000020582
361000013375
366000011259
362000011776
501000010047
362000011736
336000013860
356000012458
356000012565
376000018421
376000018209
366000011283
318000040438
501000010049
356000012515
335000011703
318000040439
321000060741
382000011116
362000011676
320000074908
356000012599
318000040480
382000011105
378000011640
501000010065
356000012640
378000011673
359000011242
377000011067
356000012508
322000041078
361000013376
324000030700
397000010442
324000030720
398000010900
323000031963
319000010339
376000018746
314000040931
387000012497
335000011772
376000018821
377000011043
355000011387
314000040929
321000060760
330000013127
393000010056
319000010343
321000060799
385000011458
323000031949
398000011132
316000032130
376000018871
324000030616
324000030621
323000031873
501000010060
319000010387
313000034167
398000011108
316000032151
301000027488
356000012495
397000010341
503000010075
365000016399
376000018480
324000030549
330000013129
398000010986
356000012582
376000018435
376000018429
318000040441
395000010110
370000011596
335000011712
321000060802
376000018520
393000010062
503000010140
392000010720
324000030676
376000018208
376000018760
314000040968
324000030542
503000010117
397000010515
381000012361
503000010090
397000010350
338000015528
387000012489
376000018107
376000018472
395000010098
397000010456
376000018280
398000011199
397000010503
318000040546
314000040908
376000018306
318000040371
324000030545
397000010471
321000060891
326000020563
376000018383
397000010381
366000011265
397000010446
385000011466
362000011763
381000012403
375000012431
503000010106
503000010105
324000030657
398000011173
353000012480
323000031862
338000015535
376000018872
378000011608
397000010418
397000010490
371000011555
376000018311
356000012563
392000010723
369000011459
376000018482
302000043045
378000011643
330000013091
353000012473
320000074850
330000013098
361000013355
377000011051
323000031867
376000018367
376000018508
386000010966
381000012367
376000018538
392000010725
376000018511
356000012468
392000010721
314000041032
381000012405
369000011420
314000041046
356000012669
501000010067
397000010468
376000018136
370000011627
381000012371
324000030602
314000040926
318000040419
313000034101
318000040380
398000011046
362000011786
370000011577
331000016238
313000034145
356000012685
381000012355
316000032228
503000010102
398000011120
314000040948
320000074828
318000040290
316000032126
370000011629
321000060893
366000011261
356000012530
398000010960
385000011485
356000012622
362000011663
356000012670
324000030668
398000011170
314000041080
323000032036
318000040515
318000040326
320000074770
365000016388
398000011222
324000030702
331000016246
378000011639
367000013437
322000041069
503000010123
369000011396
322000041102
376000018268
318000040469
320000074826
356000012342
503000010132
503000010136
324000030705
320000074863
389000012521
376000018275
321000060757
323000031982
322000041120
362000011719
367000013455
330000013100
397000010485
398000011123
323000031858
398000011068
393000010110
324000030673
376000018829
319000010456
376000018419
362000011760
356000012452
323000031861
366000011250
353000012478
365000016383
318000040377
398000011099
367000013443
324000030643
324000030665
318000040343
302000043022
302000043013
376000018098
376000018617
316000032142
376000018467
319000010562
356000012415
356000012427
321000060833
320000074873
319000010503
356000012560
376000018606
398000011093
503000010088
314000040905
370000011628
318000040463
324000030641
319000010318
319000010356
376000018281
387000012486
376000018150
376000018145
302000043011
356000012537
314000041077
382000011115
323000031958
323000031849
393000010026
318000040509
316000032216
324000030670
376000018162
318000040446
353000012460
382000011158
323000031843
319000010536
323000031848
330000013128
376000018252
378000011618
320000074909
370000011635
503000010115
320000074856
318000040321
318000040520
314000041148
362000011723
398000011035
376000018468
335000011747
398000011166
355000011368
318000040443
319000010442
376000018190
319000010487
318000040318
503000010129
398000011073
378000011690
356000012397
370000011643
322000041103
376000018388
501000010061
324000030606
355000011363
321000060793
369000011458
382000011168
320000074859
324000030695
362000011782
319000010546
324000030669
376000018652
360000013369
319000010566
319000010385
324000030682
503000010097
324000030552
381000012402
323000031971
503000010125
360000013433
398000011038
397000010488
302000043015
331000016236
370000011631
398000010948
321000060808
393000010031
360000013442
330000013105
356000012562
369000011462
376000018132
376000018593
318000040365
360000013437
378000011603
321000060721
376000018168
501000010071
323000031898
359000011245
356000012432
320000074878
324000030663
376000018756
338000015533
353000012467
376000018770
376000018387
324000030755
335000011769
376000018395
366000011286
356000012445
322000041091
370000011556
376000018769
376000018493
393000010063
321000060807
397000010486
376000018466
382000011107
302000043016
356000012429
322000041130
398000011150
397000010362
397000010348
323000031820
381000012400
376000018272
395000010079
335000011766
360000013400
393000010051
356000012575
360000013368
376000018573
376000018105
319000010469
361000013357
369000011401
335000011770
359000011236
356000012535
381000012379
314000041051
360000013405
317000044206
322000041086
370000011595
365000016382
376000018113
361000013353
317000044211
395000010106
360000013388
379000010515
318000040506
302000043018
376000018220
323000031907
360000013419
376000018109
360000013406
314000041058
314000041060
321000060749
302000043017
382000011103
369000011457
326000020606
324000030635
362000011783
356000012675
376000018626
366000011270
324000030551
324000030561
503000010083
398000011121
382000011108
501000010055
319000010451
324000030703
389000012532
301000027481
376000018450
359000011240
319000010392
393000010030
335000011750
323000031890
382000011145
314000040915
324000030655
398000010998
322000041141
362000011729
356000012589
360000013399
361000013329
331000016251
376000018643
322000041132
382000011152
381000012410
370000011568
314000040999
318000040332
314000040991
376000018597
302000043010
339000017372
314000040913
321000060895
313000034135
356000012433
319000010582
335000011725
376000018455
382000011165
318000040305
318000040400
323000031872
335000011736
314000041052
323000032049
331000016213
318000040369
323000031969
321000060886
314000040925
323000031847
331000016232
501000010042
385000011479
324000030543
320000074808
389000012558
356000012557
361000013366
314000040928
361000013346
324000030660
331000016250
314000040936
335000011737
319000010545
314000041083
361000013371
360000013425
323000031831
314000041069
320000074918
326000020609
398000011051
301000027483
376000018581
319000010407
355000011379
381000012382
397000010345
362000011711
321000060762
397000010425
376000018865
389000012552
362000011715
392000010718
398000011148
501000010040
382000011106
376000018359
376000018873
376000018519
360000013423
321000060765
356000012437
362000011716
320000074921
376000018212
376000018869
369000011371
376000018128
376000018470
318000040557
356000012399
392000010728
376000018356
376000018517
376000018200
393000010048
376000018201
369000011387
376000018095
376000018180
316000032201
331000016216
322000041129
320000074846
318000040362
316000032148
377000011050
376000018476
331000016256
376000018216
324000030686
377000011040
376000018423
324000030627
361000013380
318000040542
377000011045
376000018870
302000042995
331000016233
318000040489
397000010430
501000010045
393000010088
318000040437
356000012443
376000018345
322000041087
503000010096
398000010989
376000018213
316000032179
382000011166
356000012388
381000012401
370000011590
376000018152
370000011621
356000012442
370000011580
392000010748
395000010112
355000011372
398000011119
330000013118
331000016222
398000010947
324000030636
323000031906
503000010076
301000027476
322000041047
319000010539
398000010938
318000040461
377000011047
397000010391
503000010120
319000010326
378000011711
386000010992
323000031878
356000012682
376000018786
356000012496
398000011231
320000074910
313000034131
398000011066
322000041128
323000031915
355000011382
313000034148
317000044219
330000013110
356000012473
335000011699
324000030691
318000040379
501000010027
398000011012
376000018425
361000013319
313000034142
376000018771
398000011063
318000040389
318000040412
361000013401
318000040545
356000012673
356000012573
369000011442
318000040329
366000011251
318000040420
322000041135
393000010038
360000013411
381000012406
398000011159
356000012676
319000010300
321000060850
376000018612
323000031768
314000041053
318000040510
314000040906
398000011146
376000018297
356000012476
376000018197
302000042996
395000010078
318000040312
376000018625
376000018108
335000011728
356000012556
376000018219
322000041077
318000040409
324000030609
376000018332
397000010357
313000034109
360000013430
398000010996
356000012478
356000012680
320000074899
318000040508
398000011113
397000010422
369000011431
503000010130
389000012557
369000011423
376000018647
376000018188
376000018589
376000018191
376000018163
376000018266
318000040386
369000011399
376000018086
376000018557
376000018485
398000011100
376000018526
366000011276
376000018338
382000011171
314000041050
335000011759
326000020565
356000012488
335000011700
376000018142
313000034118
501000010057
335000011752
356000012538
369000011382
323000032033
319000010383
