382000011123
319000010372
387000012503
318000040337
395000010130
302000042943
302000043038
383000010560
302000043071
369000011367
318000040355
313000034117
369000011412
398000010927
369000011472
318000040396
395000010142
398000010913
318000040479
366000011216
398000011021
369000011359
398000010899
366000011233
398000011227
318000040398
313000034098
383000010568
398000011049
386000011053
319000010293
318000040283
313000034122
318000040338
318000040297
395000010122
386000010990
318000040308
386000011041
395000010076
383000010562
387000012498
318000040413
302000043077
318000040498
318000040358
318000040470
386000011027
383000010566
398000011202
318000040327
382000011100
501000010036
313000034137
313000034102
318000040295
398000011003
395000010120
318000040495
369000011370
501000010037
386000010999
318000040391
318000040345
302000043041
318000040537
331000016235
398000011078
318000040536
366000011240
318000040393
398000010910
386000011011
386000011029
386000011012
319000010307
398000010952
386000011002
386000011008
398000010799
366000011221
318000040459
398000010886
398000011042
369000011377
318000040357
319000010291
318000040313
318000040306
386000011021
331000016230
366000011222
318000040282
326000020583
395000010157
387000012501
318000040549
318000040447
313000034107
318000040478
398000010812
313000034105
398000011018
501000010033
366000011225
318000040530
319000010283
318000040359
386000010997
395000010133
386000011003
319000010572
398000010933
501000010035
318000040367
395000010071
318000040340
386000011017
318000040410
313000034128
398000010808
302000043033
366000011231
369000011362
398000011086
386000011009
366000011226
318000040450
382000011078
313000034158
318000040422
318000040353
398000010850
366000011220
386000011015
318000040372
398000010895
398000011016
386000010991
386000011031
395000010127
318000040348
319000010292
398000010991
398000011209
382000011098
398000011180
318000040309
501000010031
395000010143
398000011206
318000040451
356000012617
398000011201
398000011262
398000010987
398000010959
302000043075
302000043029
386000010951
386000010972
386000010950
398000010939
398000011249
382000011066
398000010968
313000034080
319000010271
398000011181
395000010132
395000010147
386000010976
398000011076
386000011013
395000010141
386000011020
369000011397
395000010140
386000010952
318000040486
318000040548
318000040341
302000043039
356000012616
398000010839
383000010569
395000010139
382000011097
387000012521
395000010137
398000011039
398000010980
318000040310
313000034103
387000012529
387000012520
382000011079
319000010286
319000010530
369000011385
302000043030
398000010892
386000010975
501000010039
317000044162
386000010973
386000011005
398000010843
318000040299
318000040296
398000010909
398000010918
398000010911
386000010981
398000010840
395000010135
302000043032
302000043028
318000040436
318000040325
387000012508
318000040336
317000044203
355000011345
387000012496
313000034106
319000010529
398000011143
386000010955
318000040497
386000010985
317000044221
318000040445
375000012410
398000010922
383000010561
398000011200
386000011033
386000011022
361000013350
313000034097
386000010987
395000010131
398000010955
398000011061
387000012485
369000011343
318000040531
395000010126
318000040462
318000040317
317000044236
317000044205
318000040488
398000010930
398000011197
395000010129
398000011165
361000013331
313000034136
313000034138
398000010923
366000011219
398000010893
313000034093
318000040342
398000010953
398000011167
398000010963
398000010917
383000010567
319000010547
319000010573
318000040453
398000010958
398000011077
398000011253
398000011043
398000010915
302000043076
398000010810
398000010957
398000010965
369000011379
386000011025
302000043040
318000040300
398000011192
319000010290
318000040395
318000040392
369000011398
319000010531
356000012631
398000011177
331000016231
356000012615
382000011095
318000040373
302000043037
366000011237
382000011069
382000011093
398000010926
501000010038
386000010977
318000040397
386000011019
398000011160
395000010146
369000011363
313000034110
398000011056
302000043035
319000010525
319000010532
501000010032
386000011018
318000040415
398000010945
318000040352
383000010563
319000010302
366000011235
318000040349
382000011082
398000010970
318000040346
398000010875
398000010906
398000011207
398000011176
318000040448
386000010978
386000011001
319000010478
369000011368
366000011241
356000012651
318000040411
366000011232
369000011360
387000012507
318000040350
318000040458
386000011016
395000010128
318000040363
318000040285
398000010862
398000011245
398000011247
398000010871
398000010809
398000010956
386000011047
395000010155
318000040401
318000040421
383000010565
302000043031
318000040387
313000034100
386000011032
386000011028
386000010983
386000010998
318000040347
302000043036
387000012505
398000011186
398000011188
395000010123
366000011236
313000034121
321000060876
386000010980
318000040370
395000010121
318000040496
318000040311
366000011238
302000043072
318000040452
395000010149
318000040302
318000040538
398000011029
398000011057
319000010523
398000010852
395000010136
398000010977
398000010861
318000040435
369000011390
382000011118
356000012658
395000010153
395000010160
359000011231
395000010138
326000020568
398000010936
395000010145
398000010848
398000010821
398000011189
398000010863
318000040315
382000011096
318000040425
318000040433
366000011227
366000011239
395000010156
