398000010779
398000010787
398000010871
398000010779
398000010787
398000010871


398000010779
398000010787
398000010779
398000010787
398000010900
319000010261
356000012342

313000034069
319000010275
319000010280
319000010291
356000012342
398000010779
398000010787
398000010900
503000010063
319000010261
398000010787



319000010275
319000010280
319000010291
319000010300
319000010301
319000010306
319000010311
320000074773
324000030509
356000012342
398000010779
398000010938
398000010942
398000010947
319000010261
362000011700
398000010787
503000010070

392000010670



316000032119
319000010261
319000010275
319000010288
319000010386
375000012410
392000010685
398000010779
356000012342
398000010787
398000010938
398000010947
318000040288


313000034069
316000032119
318000040285
318000040288
319000010275
319000010280
319000010288
319000010301
319000010386
320000074773
323000031778
375000012410
392000010681
392000010685
398000010779
398000010938
398000010947
398000010977
319000010311
323000031771
323000031850
392000010681
398000010947


313000034069
316000032119
318000040288
319000010275
319000010386
320000074780
320000074781
323000031771
323000031777
323000031778
323000031801
323000031850
323000031859
375000012410
392000010685
392000010697
398000010171
398000010779
398000010787
398000010938
398000010947
398000010977
319000010301
398000011018

313000034128
392000010681
398000010948
392000010673
313000034069
313000034128
313000034137
316000032119
318000040327
319000010288
319000010306
319000010386
320000074773
320000074780
320000074781
320000074830
323000031777
323000031778
323000031801
323000031850
386000011002
392000010673
392000010681
392000010685
392000010695
392000010711
392000010719
398000010938
398000010948
398000010977
398000011012
398000011013
398000011015
398000011016
398000011018
398000011026
398000011046
503000010070
392000010681
392000010717
398000010787

392000010681
313000034069
313000034128
313000034137
316000032119
318000040327
319000010275
319000010306
319000010386
320000074773
320000074780
320000074781
320000074830
323000031777
323000031778
323000031801
323000031850
375000012410
386000010946
386000011002
392000010280
392000010670
392000010673
392000010681
392000010685
392000010695
392000010717
392000010719
392000010722
392000010727
392000010728
398000010779
398000010787
398000010930
398000010938
398000010947
398000010948
398000010977
398000011012
398000011013
398000011015
398000011016
398000011026
398000011029
398000011046
503000010070
392000010681
392000010730
392000010681

313000034069
313000034128
316000032119
318000040327
319000010261
319000010498
320000074830
323000031777
323000031778
323000031801
324000030611
338000015541
359000011245
375000012410
386000010946
386000011002
392000010673
392000010681
392000010697
392000010717
392000010719
392000010730
398000010938
398000010947
398000010948
398000010977
398000011013
398000011016
319000010275
319000010301
319000010386
323000031981
338000015542
392000010685
392000010722
319000010385
320000074780
320000074781

392000010681
316000032119
319000010275
319000010386
323000031980
323000031981
392000010681
392000010685
392000010697
392000010717
392000010719
398000010947
398000010948
398000010977
398000011015
398000011016
313000034128
319000010498
392000010681
398000011186

392000010681

313000034128
313000034151
314000041113
316000032119
319000010386
319000010498
320000074830
323000031777
323000031778
323000031801
323000031980
323000031998
324000030611
338000015541
375000012410
386000010953
386000011002
392000010670
392000010681
392000010685
392000010697
392000010717
392000010719
398000010947
398000010948
398000010977
398000011015
398000011016
398000011186
503000010070
313000034146
398000010947
503000010070



313000034128
313000034151
314000041113
314000041126
316000032119
319000010261
319000010275
319000010385
319000010386
319000010390
319000010498
320000074830
323000031777
323000031778
323000031802
323000031998
324000030611
355000011381
359000011245
376000018330
386000010953
386000011002
392000010685
392000010717
392000010719
392000010728
392000010729
398000010787
398000010947
398000010948
398000010977
398000011016
398000011026
398000011186
503000010070
503000010156
503000010157
313000034146
324000030509
338000015542
362000011700
392000010722
386000010946


313000034128
313000034146
314000041126
316000032119
319000010385
319000010478
319000010547
320000074830
323000031777
323000031801
323000031802
323000031980
338000015542
355000011381
355000011385
362000011700
386000010953
392000010685
392000010717
392000010719
392000010722
397000010479
398000010977
398000011015
398000011016
398000011186
313000034128
314000041113
319000010385
319000010386
355000011385
398000010787
355000011391
386000010946


314000041113
314000041126
316000032119
319000010289
319000010301
319000010547
323000031777
323000031778
323000031980
355000011381
355000011385
355000011391
362000011700
376000018766
386000010946
386000010953
392000010685
398000010787
398000010977
503000010070
397000010479
338000015542
355000011402
392000010722
313000034128
319000010275
356000012646
319000010385

313000034128
313000034146
319000010289
319000010386
319000010478
355000011381
355000011385
355000011391
355000011402
376000018766
392000010685
398000010779
398000010977
398000011016
503000010070
316000032119

398000010947



316000032119
355000011402
503000010070
324000030527
392000010685
313000034146
313000034128
355000011385
355000011381
398000010977
319000010261
319000010563
319000010289
398000011016
338000015542
376000018766
319000010301
335000010461
323000031980
398000010947
319000010529
321000060897
319000010386



313000034128
503000010070
355000011402
335000010461
398000010947
319000010588


319000010569
503000010070
335000010461
359000011245
319000010261
319000010385
324000030527
314000041113
398000010787
313000034128
319000010289
319000010529
397000010479
313000034146
398000010947
319000010588


313000034128
314000041113
316000032119
319000010261
319000010289
319000010347
319000010386
319000010529
319000010569
319000010588
320000074781
324000030527
355000011381
359000011245
392000010685
398000010787
319000010529
392000010685



313000034128
319000010563
319000010588
359000011245
398000010787
503000010070

321000060897


